%YAML:1.0
---
intriMat: !!opencv-matrix
   rows: 3
   cols: 3
   dt: d
   data: [ 4.8781756355755658e+02, 0., 3.1952050804434776e+02, 0.,
       4.8781756355755658e+02, 1.7945061563714344e+02, 0., 0., 1. ]
distCoeff: !!opencv-matrix
   rows: 5
   cols: 1
   dt: d
   data: [ -8.1737198513040996e-03, 3.0831975784001769e-01,
       1.2750525998189489e-03, -2.5109790706705497e-03,
       -8.6104434403960228e-01 ]
